    0.0000	    0.6305	    0.0126
    0.0035	    0.6080	    0.1167
    0.0070	    0.6162	    0.0336
    0.0105	    0.6071	    0.1051
    0.0140	    0.6105	    0.0495
    0.0175	    0.6044	    0.0898
    0.0210	    0.6043	    0.0573
    0.0245	    0.6010	    0.0780
    0.0280	    0.6001	    0.0646
    0.0315	    0.5986	    0.0748
    0.0350	    0.5963	    0.0685
    0.0385	    0.5950	    0.0705
    0.0420	    0.5943	    0.0650
    0.0455	    0.5908	    0.0735
    0.0490	    0.5908	    0.0671
    0.0525	    0.5888	    0.0679
    0.0560	    0.5884	    0.0627
    0.0595	    0.5854	    0.0684
    0.0630	    0.5854	    0.0631
    0.0665	    0.5840	    0.0634
    0.0700	    0.5825	    0.0692
    0.0735	    0.5824	    0.0514
    0.0770	    0.5782	    0.0826
    0.0805	    0.5789	    0.0604
    0.0840	    0.5772	    0.0661
    0.0875	    0.5758	    0.0640
    0.0910	    0.5745	    0.0627
    0.0945	    0.5734	    0.0592
    0.0980	    0.5710	    0.0721
    0.1015	    0.5713	    0.0580
    0.1050	    0.5691	    0.0657
    0.1085	    0.5685	    0.0627
    0.1120	    0.5672	    0.0607
    0.1155	    0.5648	    0.0699
    0.1190	    0.5654	    0.0551
    0.1225	    0.5635	    0.0666
    0.1260	    0.5636	    0.0485
    0.1295	    0.5607	    0.0688
    0.1330	    0.5612	    0.0484
    0.1365	    0.5582	    0.0715
    0.1400	    0.5587	    0.0510
    0.1435	    0.5566	    0.0652
    0.1470	    0.5554	    0.0571
    0.1505	    0.5536	    0.0651
    0.1540	    0.5527	    0.0593
    0.1575	    0.5523	    0.0546
    0.1610	    0.5502	    0.0620
    0.1645	    0.5489	    0.0627
    0.1680	    0.5487	    0.0559
    0.1715	    0.5467	    0.0590
    0.1750	    0.5460	    0.0623
    0.1785	    0.5458	    0.0509
    0.1820	    0.5444	    0.0566
    0.1855	    0.5431	    0.0566
    0.1890	    0.5422	    0.0555
    0.1925	    0.5409	    0.0559
    0.1960	    0.5401	    0.0591
    0.1995	    0.5396	    0.0499
    0.2030	    0.5365	    0.0706
    0.2065	    0.5384	    0.0375
    0.2100	    0.5321	    0.0810
    0.2135	    0.5350	    0.0426
    0.2170	    0.5324	    0.0623
    0.2205	    0.5322	    0.0468
    0.2240	    0.5301	    0.0618
    0.2275	    0.5300	    0.0484
    0.2310	    0.5287	    0.0551
    0.2345	    0.5272	    0.0570
    0.2380	    0.5271	    0.0511
    0.2415	    0.5243	    0.0635
    0.2450	    0.5252	    0.0446
    0.2485	    0.5238	    0.0533
    0.2520	    0.5222	    0.0535
    0.2555	    0.5225	    0.0459
    0.2590	    0.5202	    0.0517
    0.2625	    0.5201	    0.0471
    0.2660	    0.5177	    0.0575
    0.2695	    0.5187	    0.0383
    0.2730	    0.5151	    0.0617
    0.2765	    0.5166	    0.0346
    0.2800	    0.5126	    0.0631
    0.2835	    0.5133	    0.0399
    0.2870	    0.5108	    0.0609
    0.2905	    0.5104	    0.0465
    0.2940	    0.5095	    0.0541
    0.2975	    0.5086	    0.0495
    0.3010	    0.5078	    0.0511
    0.3045	    0.5077	    0.0429
    0.3080	    0.5048	    0.0600
    0.3115	    0.5053	    0.0471
    0.3150	    0.5044	    0.0483
    0.3185	    0.5034	    0.0474
    0.3220	    0.5019	    0.0527
    0.3255	    0.5026	    0.0357
    0.3290	    0.4993	    0.0567
    0.3325	    0.4998	    0.0424
    0.3360	    0.4978	    0.0549
    0.3395	    0.4986	    0.0359
    0.3430	    0.4968	    0.0482
    0.3465	    0.4950	    0.0492
    0.3500	    0.4949	    0.0455
    0.3535	    0.4927	    0.0520
    0.3570	    0.4925	    0.0458
    0.3605	    0.4917	    0.0450
    0.3640	    0.4900	    0.0508
    0.3675	    0.4901	    0.0392
    0.3710	    0.4870	    0.0554
    0.3745	    0.4879	    0.0358
    0.3780	    0.4846	    0.0601
    0.3815	    0.4861	    0.0331
    0.3850	    0.4834	    0.0544
    0.3885	    0.4840	    0.0356
    0.3920	    0.4825	    0.0460
    0.3955	    0.4816	    0.0391
    0.3990	    0.4803	    0.0455
    0.4025	    0.4803	    0.0324
    0.4060	    0.4779	    0.0521
    0.4095	    0.4780	    0.0376
    0.4130	    0.4766	    0.0451
    0.4165	    0.4752	    0.0454
    0.4200	    0.4753	    0.0386
    0.4235	    0.4729	    0.0479
    0.4270	    0.4734	    0.0334
    0.4305	    0.4716	    0.0483
    0.4340	    0.4709	    0.0390
    0.4375	    0.4702	    0.0415
    0.4410	    0.4687	    0.0427
    0.4445	    0.4689	    0.0366
    0.4480	    0.4671	    0.0413
    0.4515	    0.4658	    0.0410
    0.4550	    0.4648	    0.0433
    0.4585	    0.4645	    0.0331
    0.4620	    0.4620	    0.0492
    0.4655	    0.4625	    0.0317
    0.4690	    0.4607	    0.0451
    0.4725	    0.4601	    0.0388
    0.4760	    0.4595	    0.0356
    0.4795	    0.4573	    0.0483
    0.4830	    0.4579	    0.0300
    0.4865	    0.4557	    0.0473
    0.4900	    0.4560	    0.0321
    0.4935	    0.4541	    0.0454
    0.4970	    0.4536	    0.0332
    0.5005	    0.4524	    0.0392
    0.5040	    0.4515	    0.0345
    0.5075	    0.4497	    0.0418
    0.5110	    0.4490	    0.0393
    0.5145	    0.4486	    0.0329
    0.5180	    0.4466	    0.0486
    0.5215	    0.4471	    0.0188
    0.5250	    0.4441	    0.0490
    0.5285	    0.4450	    0.0238
    0.5320	    0.4424	    0.0432
    0.5355	    0.4417	    0.0339
    0.5390	    0.4415	    0.0325
    0.5425	    0.4390	    0.0460
    0.5460	    0.4405	    0.0270
    0.5495	    0.4376	    0.0481
    0.5530	    0.4392	    0.0200
    0.5565	    0.4357	    0.0486
    0.5600	    0.4368	    0.0251
    0.5635	    0.4345	    0.0449
    0.5670	    0.4348	    0.0291
    0.5705	    0.4342	    0.0308
    0.5740	    0.4322	    0.0358
    0.5775	    0.4317	    0.0303
    0.5810	    0.4305	    0.0390
    0.5845	    0.4307	    0.0244
    0.5880	    0.4286	    0.0402
    0.5915	    0.4283	    0.0242
    0.5950	    0.4265	    0.0382
    0.5985	    0.4260	    0.0291
    0.6020	    0.4253	    0.0326
    0.6055	    0.4238	    0.0357
    0.6090	    0.4240	    0.0233
    0.6125	    0.4218	    0.0347
    0.6160	    0.4218	    0.0231
    0.6195	    0.4199	    0.0377
    0.6230	    0.4196	    0.0256
    0.6265	    0.4182	    0.0373
    0.6300	    0.4177	    0.0236
    0.6335	    0.4163	    0.0390
    0.6370	    0.4158	    0.0199
    0.6405	    0.4141	    0.0375
    0.6440	    0.4140	    0.0273
    0.6475	    0.4129	    0.0327
    0.6510	    0.4122	    0.0288
    0.6545	    0.4115	    0.0270
    0.6580	    0.4099	    0.0378
    0.6615	    0.4106	    0.0204
    0.6650	    0.4087	    0.0366
    0.6685	    0.4089	    0.0209
    0.6720	    0.4072	    0.0369
    0.6755	    0.4074	    0.0194
    0.6790	    0.4049	    0.0384
    0.6825	    0.4051	    0.0242
    0.6860	    0.4046	    0.0273
    0.6895	    0.4034	    0.0301
    0.6930	    0.4029	    0.0244
    0.6965	    0.4015	    0.0331
    0.7000	    0.4014	    0.0184
    0.7035	    0.3997	    0.0339
    0.7070	    0.3995	    0.0186
    0.7105	    0.3974	    0.0369
    0.7140	    0.3976	    0.0197
    0.7175	    0.3960	    0.0354
    0.7210	    0.3955	    0.0246
    0.7245	    0.3951	    0.0260
    0.7280	    0.3931	    0.0299
    0.7315	    0.3934	    0.0209
    0.7350	    0.3904	    0.0410
    0.7385	    0.3916	    0.0110
    0.7420	    0.3889	    0.0405
    0.7455	    0.3898	    0.0139
    0.7490	    0.3884	    0.0368
    0.7525	    0.3884	    0.0141
    0.7560	    0.3863	    0.0383
    0.7595	    0.3864	    0.0139
    0.7630	    0.3851	    0.0309
    0.7665	    0.3844	    0.0228
    0.7700	    0.3835	    0.0281
    0.7735	    0.3833	    0.0182
    0.7770	    0.3814	    0.0289
    0.7805	    0.3816	    0.0217
    0.7840	    0.3801	    0.0276
    0.7875	    0.3796	    0.0234
    0.7910	    0.3788	    0.0239
    0.7945	    0.3777	    0.0226
    0.7980	    0.3771	    0.0213
    0.8015	    0.3763	    0.0212
    0.8050	    0.3753	    0.0224
    0.8085	    0.3738	    0.0274
    0.8120	    0.3737	    0.0169
    0.8155	    0.3723	    0.0315
    0.8190	    0.3721	    0.0134
    0.8225	    0.3700	    0.0380
    0.8260	    0.3708	    0.0097
    0.8295	    0.3691	    0.0326
    0.8330	    0.3690	    0.0152
    0.8365	    0.3676	    0.0277
    0.8400	    0.3671	    0.0208
    0.8435	    0.3669	    0.0171
    0.8470	    0.3651	    0.0237
    0.8505	    0.3654	    0.0166
    0.8540	    0.3637	    0.0318
    0.8575	    0.3640	    0.0130
    0.8610	    0.3628	    0.0261
    0.8645	    0.3622	    0.0150
    0.8680	    0.3607	    0.0289
    0.8715	    0.3605	    0.0093
    0.8750	    0.3585	    0.0357
    0.8785	    0.3589	    0.0058
    0.8820	    0.3569	    0.0309
    0.8855	    0.3572	    0.0147
    0.8890	    0.3555	    0.0287
    0.8925	    0.3556	    0.0115
    0.8960	    0.3536	    0.0280
    0.8995	    0.3534	    0.0182
    0.9030	    0.3528	    0.0194
    0.9065	    0.3521	    0.0201
    0.9100	    0.3514	    0.0225
    0.9135	    0.3514	    0.0159
    0.9170	    0.3497	    0.0255
    0.9205	    0.3498	    0.0160
    0.9240	    0.3486	    0.0234
    0.9275	    0.3483	    0.0190
    0.9310	    0.3478	    0.0150
    0.9345	    0.3468	    0.0229
    0.9380	    0.3464	    0.0173
    0.9415	    0.3459	    0.0162
    0.9450	    0.3444	    0.0212
    0.9485	    0.3445	    0.0173
    0.9520	    0.3437	    0.0181
    0.9555	    0.3431	    0.0155
    0.9590	    0.3424	    0.0184
    0.9625	    0.3417	    0.0146
    0.9660	    0.3407	    0.0201
    0.9695	    0.3403	    0.0164
    0.9730	    0.3392	    0.0207
    0.9765	    0.3391	    0.0123
    0.9800	    0.3381	    0.0205
    0.9835	    0.3377	    0.0158
    0.9870	    0.3368	    0.0237
    0.9905	    0.3365	    0.0123
    0.9940	    0.3360	    0.0160
    0.9975	    0.3348	    0.0197
    1.0010	    0.3344	    0.0174
    1.0045	    0.3340	    0.0112
    1.0080	    0.3327	    0.0223
    1.0115	    0.3326	    0.0122
    1.0150	    0.3316	    0.0169
    1.0185	    0.3308	    0.0152
    1.0220	    0.3305	    0.0131
    1.0255	    0.3293	    0.0200
    1.0290	    0.3293	    0.0070
    1.0325	    0.3280	    0.0221
    1.0360	    0.3278	    0.0123
    1.0395	    0.3272	    0.0182
    1.0430	    0.3260	    0.0161
    1.0465	    0.3262	    0.0102
    1.0500	    0.3249	    0.0196
    1.0535	    0.3245	    0.0104
    1.0570	    0.3236	    0.0194
    1.0605	    0.3229	    0.0108
    1.0640	    0.3222	    0.0224
    1.0675	    0.3216	    0.0119
    1.0710	    0.3213	    0.0135
    1.0745	    0.3206	    0.0126
    1.0780	    0.3204	    0.0097
    1.0815	    0.3191	    0.0209
    1.0850	    0.3191	    0.0092
    1.0885	    0.3180	    0.0202
    1.0920	    0.3179	    0.0085
    1.0955	    0.3172	    0.0156
    1.0990	    0.3165	    0.0106
    1.1025	    0.3159	    0.0157
    1.1060	    0.3152	    0.0147
    1.1095	    0.3150	    0.0094
    1.1130	    0.3139	    0.0113
    1.1165	    0.3136	    0.0119
    1.1200	    0.3129	    0.0108
    1.1235	    0.3118	    0.0175
    1.1270	    0.3117	    0.0064
    1.1305	    0.3100	    0.0220
    1.1340	    0.3103	    0.0047
    1.1375	    0.3090	    0.0190
    1.1410	    0.3090	    0.0045
    1.1445	    0.3085	    0.0143
    1.1480	    0.3077	    0.0088
    1.1515	    0.3068	    0.0157
    1.1550	    0.3068	    0.0050
    1.1585	    0.3057	    0.0148
    1.1620	    0.3053	    0.0059
    1.1655	    0.3038	    0.0193
    1.1690	    0.3040	    0.0081
    1.1725	    0.3029	    0.0172
    1.1760	    0.3028	    0.0017
    1.1795	    0.3015	    0.0206
    1.1830	    0.3012	    0.0007
    1.1865	    0.3002	    0.0188
    1.1900	    0.3002	    0.0068
    1.1935	    0.2995	    0.0110
    1.1970	    0.2988	    0.0127
    1.2005	    0.2986	    0.0061
    1.2040	    0.2976	    0.0178
    1.2075	    0.2977	    0.0024
    1.2110	    0.2965	    0.0150
    1.2145	    0.2959	    0.0075
    1.2180	    0.2950	    0.0153
    1.2215	    0.2946	    0.0079
    1.2250	    0.2941	    0.0115
    1.2285	    0.2934	    0.0076
    1.2320	    0.2927	    0.0080
    1.2355	    0.2921	    0.0126
    1.2390	    0.2920	    0.0107
    1.2425	    0.2913	    0.0058
    1.2460	    0.2903	    0.0116
    1.2495	    0.2900	    0.0094
    1.2530	    0.2891	    0.0086
    1.2565	    0.2886	    0.0097
    1.2600	    0.2883	    0.0069
    1.2635	    0.2876	    0.0140
    1.2670	    0.2874	    0.0052
    1.2705	    0.2867	    0.0107
    1.2740	    0.2858	    0.0078
    1.2775	    0.2854	    0.0071
    1.2810	    0.2844	    0.0117
    1.2845	    0.2841	    0.0051
    1.2880	    0.2833	    0.0103
    1.2915	    0.2828	    0.0049
    1.2950	    0.2821	    0.0120
    1.2985	    0.2817	    0.0042
    1.3020	    0.2810	    0.0067
    1.3055	    0.2804	    0.0073
    1.3090	    0.2799	    0.0080
    1.3125	    0.2793	    0.0094
    1.3160	    0.2791	    0.0044
    1.3195	    0.2782	    0.0111
    1.3230	    0.2781	    0.0037
    1.3265	    0.2772	    0.0121
    1.3300	    0.2766	    0.0023
    1.3335	    0.2759	    0.0114
    1.3370	    0.2756	    0.0036
    1.3405	    0.2747	    0.0119
    1.3440	    0.2745	    0.0029
    1.3475	    0.2742	    0.0083
    1.3510	    0.2731	    0.0086
    1.3545	    0.2732	    0.0048
    1.3580	    0.2723	    0.0103
    1.3615	    0.2720	    0.0069
    1.3650	    0.2714	    0.0101
    1.3685	    0.2708	    0.0080
    1.3720	    0.2705	    0.0054
    1.3755	    0.2697	    0.0066
    1.3790	    0.2693	    0.0073
    1.3825	    0.2688	    0.0062
    1.3860	    0.2683	    0.0009
    1.3895	    0.2674	    0.0115
    1.3930	    0.2674	    0.0001
    1.3965	    0.2666	    0.0103
    1.4000	    0.2660	   -0.0022
    1.4035	    0.2652	    0.0125
    1.4070	    0.2652	    0.0018
    1.4105	    0.2646	    0.0087
    1.4140	    0.2641	   -0.0018
    1.4175	    0.2635	    0.0149
    1.4210	    0.2630	   -0.0047
    1.4245	    0.2623	    0.0132
    1.4280	    0.2618	    0.0007
    1.4315	    0.2614	    0.0085
    1.4350	    0.2609	    0.0038
    1.4385	    0.2604	    0.0056
    1.4420	    0.2600	    0.0035
    1.4455	    0.2594	    0.0016
    1.4490	    0.2588	    0.0068
    1.4525	    0.2582	    0.0025
    1.4560	    0.2579	    0.0086
    1.4595	    0.2573	   -0.0021
    1.4630	    0.2567	    0.0098
    1.4665	    0.2563	   -0.0000
    1.4700	    0.2561	    0.0070
    1.4735	    0.2551	   -0.0005
    1.4770	    0.2548	    0.0095
    1.4805	    0.2542	    0.0001
    1.4840	    0.2536	    0.0048
    1.4875	    0.2530	    0.0043
    1.4910	    0.2524	    0.0004
    1.4945	    0.2517	    0.0083
    1.4980	    0.2513	    0.0019
    1.5015	    0.2508	    0.0062
    1.5050	    0.2503	   -0.0009
    1.5085	    0.2497	    0.0081
    1.5120	    0.2491	   -0.0003
    1.5155	    0.2486	    0.0049
    1.5190	    0.2478	    0.0024
    1.5225	    0.2476	    0.0029
    1.5260	    0.2472	    0.0038
    1.5295	    0.2467	    0.0026
    1.5330	    0.2458	    0.0025
    1.5365	    0.2456	    0.0051
    1.5400	    0.2451	    0.0022
    1.5435	    0.2449	    0.0047
    1.5470	    0.2442	    0.0019
    1.5505	    0.2441	    0.0022
    1.5540	    0.2429	    0.0028
    1.5575	    0.2428	    0.0032
    1.5610	    0.2425	    0.0050
    1.5645	    0.2419	   -0.0004
    1.5680	    0.2412	    0.0024
    1.5715	    0.2407	    0.0038
    1.5750	    0.2406	   -0.0000
    1.5785	    0.2395	    0.0037
    1.5820	    0.2392	   -0.0002
    1.5855	    0.2382	    0.0057
    1.5890	    0.2381	   -0.0023
    1.5925	    0.2375	    0.0032
    1.5960	    0.2373	    0.0021
    1.5995	    0.2367	    0.0053
    1.6030	    0.2364	   -0.0019
    1.6065	    0.2357	    0.0057
    1.6100	    0.2352	    0.0007
    1.6135	    0.2347	    0.0018
    1.6170	    0.2345	    0.0026
    1.6205	    0.2337	    0.0044
    1.6240	    0.2335	   -0.0012
    1.6275	    0.2329	    0.0031
    1.6310	    0.2325	   -0.0013
    1.6345	    0.2319	    0.0014
    1.6380	    0.2316	   -0.0016
    1.6415	    0.2310	    0.0025
    1.6450	    0.2304	   -0.0030
    1.6485	    0.2301	    0.0050
    1.6520	    0.2296	   -0.0017
    1.6555	    0.2292	    0.0042
    1.6590	    0.2284	    0.0002
    1.6625	    0.2283	    0.0009
    1.6660	    0.2278	   -0.0035
    1.6695	    0.2271	    0.0016
    1.6730	    0.2270	   -0.0018
    1.6765	    0.2266	    0.0042
    1.6800	    0.2260	   -0.0034
    1.6835	    0.2257	    0.0007
    1.6870	    0.2249	   -0.0011
    1.6905	    0.2248	    0.0029
    1.6940	    0.2242	   -0.0003
    1.6975	    0.2242	   -0.0001
    1.7010	    0.2232	   -0.0031
    1.7045	    0.2231	    0.0021
    1.7080	    0.2225	   -0.0013
    1.7115	    0.2222	   -0.0011
    1.7150	    0.2217	    0.0011
    1.7185	    0.2216	   -0.0000
    1.7220	    0.2208	   -0.0022
    1.7255	    0.2204	    0.0046
    1.7290	    0.2201	   -0.0058
    1.7325	    0.2197	    0.0037
    1.7360	    0.2192	   -0.0045
    1.7395	    0.2187	    0.0006
    1.7430	    0.2182	   -0.0031
    1.7465	    0.2178	    0.0019
    1.7500	    0.2176	   -0.0021
    1.7535	    0.2172	   -0.0009
    1.7570	    0.2165	   -0.0004
    1.7605	    0.2163	   -0.0033
    1.7640	    0.2157	    0.0006
    1.7675	    0.2154	   -0.0023
    1.7710	    0.2150	    0.0014
    1.7745	    0.2145	   -0.0017
    1.7780	    0.2140	    0.0013
    1.7815	    0.2136	   -0.0011
    1.7850	    0.2134	    0.0026
    1.7885	    0.2129	   -0.0047
    1.7920	    0.2124	    0.0029
    1.7955	    0.2121	   -0.0032
    1.7990	    0.2118	   -0.0003
    1.8025	    0.2110	    0.0011
    1.8060	    0.2110	   -0.0046
    1.8095	    0.2105	    0.0025
    1.8130	    0.2102	   -0.0030
    1.8165	    0.2096	   -0.0019
    1.8200	    0.2092	   -0.0025
    1.8235	    0.2089	   -0.0009
    1.8270	    0.2083	   -0.0037
    1.8305	    0.2080	    0.0002
    1.8340	    0.2076	   -0.0033
    1.8375	    0.2072	   -0.0015
    1.8410	    0.2065	   -0.0042
    1.8445	    0.2063	   -0.0006
    1.8480	    0.2058	    0.0001
    1.8515	    0.2055	   -0.0046
    1.8550	    0.2051	   -0.0010
    1.8585	    0.2046	   -0.0028
    1.8620	    0.2041	   -0.0021
    1.8655	    0.2037	   -0.0032
    1.8690	    0.2037	   -0.0016
    1.8725	    0.2031	   -0.0032
    1.8760	    0.2028	   -0.0038
    1.8795	    0.2023	   -0.0040
    1.8830	    0.2018	    0.0002
    1.8865	    0.2018	   -0.0034
    1.8900	    0.2011	   -0.0012
    1.8935	    0.2006	   -0.0026
    1.8970	    0.2004	   -0.0027
    1.9005	    0.1998	   -0.0007
    1.9040	    0.1992	   -0.0064
    1.9075	    0.1988	    0.0002
    1.9110	    0.1980	   -0.0027
    1.9145	    0.1976	   -0.0016
    1.9180	    0.1973	   -0.0023
    1.9215	    0.1969	   -0.0036
    1.9250	    0.1966	   -0.0016
    1.9285	    0.1963	   -0.0027
    1.9320	    0.1957	   -0.0046
    1.9355	    0.1956	   -0.0021
    1.9390	    0.1952	   -0.0054
    1.9425	    0.1947	   -0.0010
    1.9460	    0.1944	   -0.0051
    1.9495	    0.1939	   -0.0018
    1.9530	    0.1936	   -0.0046
    1.9565	    0.1930	   -0.0004
    1.9600	    0.1924	   -0.0048
    1.9635	    0.1921	   -0.0024
    1.9670	    0.1917	   -0.0064
    1.9705	    0.1912	   -0.0011
    1.9740	    0.1908	   -0.0037
    1.9775	    0.1907	   -0.0035
    1.9810	    0.1905	   -0.0021
    1.9845	    0.1899	   -0.0055
    1.9880	    0.1896	   -0.0033
    1.9915	    0.1890	   -0.0045
    1.9950	    0.1888	   -0.0009
    1.9985	    0.1886	   -0.0030
    2.0020	    0.1882	   -0.0063
    2.0055	    0.1878	   -0.0001
    2.0090	    0.1872	   -0.0086
    2.0125	    0.1871	    0.0001
    2.0160	    0.1867	   -0.0064
    2.0195	    0.1862	   -0.0028
    2.0230	    0.1856	   -0.0039
    2.0265	    0.1857	   -0.0041
    2.0300	    0.1853	   -0.0032
    2.0335	    0.1850	   -0.0070
    2.0370	    0.1845	   -0.0033
    2.0405	    0.1843	   -0.0034
    2.0440	    0.1837	   -0.0043
    2.0475	    0.1833	   -0.0021
    2.0510	    0.1831	   -0.0029
    2.0545	    0.1830	   -0.0063
    2.0580	    0.1824	   -0.0047
    2.0615	    0.1820	   -0.0043
    2.0650	    0.1815	   -0.0037
    2.0685	    0.1813	   -0.0014
    2.0720	    0.1805	   -0.0060
    2.0755	    0.1803	   -0.0030
    2.0790	    0.1798	   -0.0044
    2.0825	    0.1796	   -0.0041
    2.0860	    0.1791	   -0.0034
    2.0895	    0.1788	   -0.0060
    2.0930	    0.1784	   -0.0038
    2.0965	    0.1778	   -0.0059
    2.1000	    0.1776	   -0.0029
    2.1035	    0.1772	   -0.0059
    2.1070	    0.1773	   -0.0050
    2.1105	    0.1765	   -0.0034
    2.1140	    0.1764	   -0.0087
    2.1175	    0.1756	   -0.0013
    2.1210	    0.1752	   -0.0100
    2.1245	    0.1749	   -0.0011
    2.1280	    0.1743	   -0.0094
    2.1315	    0.1741	   -0.0020
    2.1350	    0.1732	   -0.0084
    2.1385	    0.1732	   -0.0015
    2.1420	    0.1724	   -0.0088
    2.1455	    0.1726	   -0.0049
    2.1490	    0.1721	   -0.0069
    2.1525	    0.1717	   -0.0040
    2.1560	    0.1714	   -0.0051
    2.1595	    0.1711	   -0.0084
    2.1630	    0.1709	   -0.0021
    2.1665	    0.1703	   -0.0081
    2.1700	    0.1696	   -0.0023
    2.1735	    0.1694	   -0.0058
    2.1770	    0.1692	   -0.0065
    2.1805	    0.1687	   -0.0045
    2.1840	    0.1685	   -0.0058
    2.1875	    0.1681	   -0.0064
    2.1910	    0.1680	   -0.0039
    2.1945	    0.1673	   -0.0063
    2.1980	    0.1676	   -0.0038
    2.2015	    0.1666	   -0.0084
    2.2050	    0.1663	   -0.0027
    2.2085	    0.1660	   -0.0075
    2.2120	    0.1660	   -0.0034
    2.2155	    0.1655	   -0.0063
    2.2190	    0.1652	   -0.0054
    2.2225	    0.1646	   -0.0059
    2.2260	    0.1643	   -0.0054
    2.2295	    0.1640	   -0.0079
    2.2330	    0.1638	   -0.0022
    2.2365	    0.1635	   -0.0087
    2.2400	    0.1632	   -0.0018
    2.2435	    0.1627	   -0.0106
    2.2470	    0.1624	    0.0009
    2.2505	    0.1619	   -0.0121
    2.2540	    0.1617	   -0.0001
    2.2575	    0.1609	   -0.0113
    2.2610	    0.1612	   -0.0029
    2.2645	    0.1603	   -0.0090
    2.2680	    0.1602	   -0.0036
    2.2715	    0.1597	   -0.0062
    2.2750	    0.1595	   -0.0069
    2.2785	    0.1592	   -0.0065
    2.2820	    0.1590	   -0.0051
    2.2855	    0.1586	   -0.0058
    2.2890	    0.1583	   -0.0076
    2.2925	    0.1581	   -0.0050
    2.2960	    0.1573	   -0.0084
    2.2995	    0.1571	   -0.0028
    2.3030	    0.1569	   -0.0103
    2.3065	    0.1568	   -0.0009
    2.3100	    0.1560	   -0.0129
    2.3135	    0.1559	   -0.0033
    2.3170	    0.1550	   -0.0097
    2.3205	    0.1551	   -0.0027
    2.3240	    0.1544	   -0.0104
    2.3275	    0.1546	   -0.0046
    2.3310	    0.1541	   -0.0068
    2.3345	    0.1538	   -0.0054
    2.3380	    0.1532	   -0.0077
    2.3415	    0.1531	   -0.0039
    2.3450	    0.1526	   -0.0094
    2.3485	    0.1521	   -0.0043
    2.3520	    0.1522	   -0.0103
    2.3555	    0.1518	   -0.0051
    2.3590	    0.1514	   -0.0085
    2.3625	    0.1511	   -0.0062
    2.3660	    0.1506	   -0.0053
    2.3695	    0.1506	   -0.0078
    2.3730	    0.1504	   -0.0066
    2.3765	    0.1498	   -0.0080
    2.3800	    0.1496	   -0.0073
    2.3835	    0.1494	   -0.0055
    2.3870	    0.1490	   -0.0107
    2.3905	    0.1488	   -0.0053
    2.3940	    0.1484	   -0.0090
    2.3975	    0.1484	   -0.0063
    2.4010	    0.1478	   -0.0077
    2.4045	    0.1476	   -0.0069
    2.4080	    0.1474	   -0.0069
    2.4115	    0.1469	   -0.0085
    2.4150	    0.1470	   -0.0030
    2.4185	    0.1462	   -0.0084
    2.4220	    0.1464	   -0.0058
    2.4255	    0.1457	   -0.0076
    2.4290	    0.1457	   -0.0044
    2.4325	    0.1451	   -0.0084
    2.4360	    0.1449	   -0.0059
    2.4395	    0.1446	   -0.0079
    2.4430	    0.1442	   -0.0066
    2.4465	    0.1437	   -0.0085
    2.4500	    0.1437	   -0.0069
    2.4535	    0.1433	   -0.0091
    2.4570	    0.1432	   -0.0058
    2.4605	    0.1430	   -0.0083
    2.4640	    0.1426	   -0.0050
    2.4675	    0.1421	   -0.0090
    2.4710	    0.1423	   -0.0061
    2.4745	    0.1414	   -0.0096
    2.4780	    0.1413	   -0.0070
    2.4815	    0.1408	   -0.0086
    2.4850	    0.1407	   -0.0062
    2.4885	    0.1405	   -0.0088
    2.4920	    0.1402	   -0.0071
    2.4955	    0.1396	   -0.0088
    2.4990	    0.1394	   -0.0056
    2.5025	    0.1391	   -0.0097
    2.5060	    0.1391	   -0.0089
    2.5095	    0.1388	   -0.0070
    2.5130	    0.1383	   -0.0091
    2.5165	    0.1379	   -0.0079
    2.5200	    0.1379	   -0.0070
    2.5235	    0.1376	   -0.0071
    2.5270	    0.1371	   -0.0087
    2.5305	    0.1371	   -0.0050
    2.5340	    0.1362	   -0.0123
    2.5375	    0.1363	   -0.0029
    2.5410	    0.1357	   -0.0101
    2.5445	    0.1360	   -0.0047
    2.5480	    0.1351	   -0.0111
    2.5515	    0.1354	   -0.0052
    2.5550	    0.1346	   -0.0094
    2.5585	    0.1349	   -0.0055
    2.5620	    0.1342	   -0.0121
    2.5655	    0.1343	   -0.0039
    2.5690	    0.1337	   -0.0117
    2.5725	    0.1335	   -0.0061
    2.5760	    0.1329	   -0.0093
    2.5795	    0.1329	   -0.0074
    2.5830	    0.1327	   -0.0078
    2.5865	    0.1321	   -0.0099
    2.5900	    0.1324	   -0.0060
    2.5935	    0.1319	   -0.0086
    2.5970	    0.1317	   -0.0080
    2.6005	    0.1312	   -0.0095
    2.6040	    0.1314	   -0.0083
    2.6075	    0.1307	   -0.0087
    2.6110	    0.1307	   -0.0070
    2.6145	    0.1302	   -0.0091
    2.6180	    0.1304	   -0.0066
    2.6215	    0.1295	   -0.0109
    2.6250	    0.1297	   -0.0057
    2.6285	    0.1291	   -0.0101
    2.6320	    0.1292	   -0.0066
    2.6355	    0.1288	   -0.0089
    2.6390	    0.1286	   -0.0064
    2.6425	    0.1284	   -0.0097
    2.6460	    0.1281	   -0.0093
    2.6495	    0.1275	   -0.0074
    2.6530	    0.1272	   -0.0109
    2.6565	    0.1273	   -0.0060
    2.6600	    0.1267	   -0.0105
    2.6635	    0.1269	   -0.0059
    2.6670	    0.1264	   -0.0099
    2.6705	    0.1262	   -0.0072
    2.6740	    0.1258	   -0.0084
    2.6775	    0.1257	   -0.0094
    2.6810	    0.1253	   -0.0073
    2.6845	    0.1250	   -0.0083
    2.6880	    0.1248	   -0.0075
    2.6915	    0.1244	   -0.0100
    2.6950	    0.1244	   -0.0068
    2.6985	    0.1241	   -0.0087
    2.7020	    0.1239	   -0.0085
    2.7055	    0.1237	   -0.0069
    2.7090	    0.1234	   -0.0103
    2.7125	    0.1233	   -0.0071
    2.7160	    0.1226	   -0.0109
    2.7195	    0.1228	   -0.0060
    2.7230	    0.1221	   -0.0103
    2.7265	    0.1224	   -0.0063
    2.7300	    0.1221	   -0.0090
    2.7335	    0.1216	   -0.0095
    2.7370	    0.1215	   -0.0069
    2.7405	    0.1212	   -0.0101
    2.7440	    0.1212	   -0.0078
    2.7475	    0.1207	   -0.0098
    2.7510	    0.1206	   -0.0074
    2.7545	    0.1201	   -0.0091
    2.7580	    0.1200	   -0.0091
    2.7615	    0.1199	   -0.0070
    2.7650	    0.1193	   -0.0120
    2.7685	    0.1195	   -0.0055
    2.7720	    0.1187	   -0.0116
    2.7755	    0.1189	   -0.0056
    2.7790	    0.1183	   -0.0107
    2.7825	    0.1185	   -0.0075
    2.7860	    0.1179	   -0.0099
    2.7895	    0.1176	   -0.0101
    2.7930	    0.1176	   -0.0074
    2.7965	    0.1171	   -0.0107
    2.8000	    0.1173	   -0.0070
    2.8035	    0.1168	   -0.0108
    2.8070	    0.1168	   -0.0088
    2.8105	    0.1161	   -0.0073
    2.8140	    0.1162	   -0.0097
    2.8175	    0.1162	   -0.0056
    2.8210	    0.1156	   -0.0121
    2.8245	    0.1153	   -0.0053
    2.8280	    0.1147	   -0.0121
    2.8315	    0.1151	   -0.0063
    2.8350	    0.1146	   -0.0096
    2.8385	    0.1146	   -0.0088
    2.8420	    0.1144	   -0.0089
    2.8455	    0.1142	   -0.0087
    2.8490	    0.1140	   -0.0081
    2.8525	    0.1134	   -0.0109
    2.8560	    0.1137	   -0.0075
    2.8595	    0.1132	   -0.0102
    2.8630	    0.1132	   -0.0075
    2.8665	    0.1124	   -0.0106
    2.8700	    0.1126	   -0.0088
    2.8735	    0.1126	   -0.0081
    2.8770	    0.1121	   -0.0091
    2.8805	    0.1119	   -0.0087
    2.8840	    0.1117	   -0.0091
    2.8875	    0.1114	   -0.0074
    2.8910	    0.1111	   -0.0108
    2.8945	    0.1109	   -0.0089
    2.8980	    0.1106	   -0.0079
    2.9015	    0.1104	   -0.0107
    2.9050	    0.1104	   -0.0063
    2.9085	    0.1097	   -0.0123
    2.9120	    0.1102	   -0.0034
    2.9155	    0.1091	   -0.0150
    2.9190	    0.1096	   -0.0045
    2.9225	    0.1085	   -0.0130
    2.9260	    0.1092	   -0.0057
    2.9295	    0.1083	   -0.0122
    2.9330	    0.1087	   -0.0060
    2.9365	    0.1080	   -0.0101
    2.9400	    0.1080	   -0.0081
    2.9435	    0.1074	   -0.0110
    2.9470	    0.1073	   -0.0078
    2.9505	    0.1071	   -0.0099
    2.9540	    0.1070	   -0.0078
    2.9575	    0.1067	   -0.0098
    2.9610	    0.1067	   -0.0096
    2.9645	    0.1062	   -0.0106
    2.9680	    0.1061	   -0.0084
    2.9715	    0.1060	   -0.0088
    2.9750	    0.1059	   -0.0088
    2.9785	    0.1056	   -0.0106
    2.9820	    0.1053	   -0.0090
    2.9855	    0.1049	   -0.0104
    2.9890	    0.1049	   -0.0089
    2.9925	    0.1045	   -0.0090
    2.9960	    0.1046	   -0.0083
    2.9995	    0.1042	   -0.0102
    3.0030	    0.1041	   -0.0093
    3.0065	    0.1039	   -0.0074
    3.0100	    0.1035	   -0.0114
    3.0135	    0.1037	   -0.0064
    3.0170	    0.1028	   -0.0117
    3.0205	    0.1032	   -0.0073
    3.0240	    0.1024	   -0.0113
    3.0275	    0.1027	   -0.0081
    3.0310	    0.1021	   -0.0106
    3.0345	    0.1021	   -0.0086
    3.0380	    0.1018	   -0.0093
    3.0415	    0.1015	   -0.0107
    3.0450	    0.1014	   -0.0079
    3.0485	    0.1009	   -0.0110
    3.0520	    0.1009	   -0.0071
    3.0555	    0.1006	   -0.0101
    3.0590	    0.1006	   -0.0093
    3.0625	    0.1003	   -0.0087
    3.0660	    0.1000	   -0.0113
    3.0695	    0.1001	   -0.0068
    3.0730	    0.0993	   -0.0133
    3.0765	    0.0996	   -0.0062
    3.0800	    0.0991	   -0.0119
    3.0835	    0.0992	   -0.0060
    3.0870	    0.0984	   -0.0123
    3.0905	    0.0989	   -0.0051
    3.0940	    0.0982	   -0.0127
    3.0975	    0.0981	   -0.0067
    3.1010	    0.0975	   -0.0122
    3.1045	    0.0976	   -0.0060
    3.1080	    0.0971	   -0.0098
    3.1115	    0.0972	   -0.0096
    3.1150	    0.0969	   -0.0098
    3.1185	    0.0970	   -0.0069
    3.1220	    0.0963	   -0.0105
    3.1255	    0.0963	   -0.0076
    3.1290	    0.0961	   -0.0089
    3.1325	    0.0959	   -0.0088
    3.1360	    0.0956	   -0.0105
    3.1395	    0.0956	   -0.0085
    3.1430	    0.0950	   -0.0088
    3.1465	    0.0947	   -0.0118
    3.1500	    0.0951	   -0.0060
    3.1535	    0.0943	   -0.0116
    3.1570	    0.0949	   -0.0068
    3.1605	    0.0942	   -0.0100
    3.1640	    0.0942	   -0.0091
    3.1675	    0.0935	   -0.0108
    3.1710	    0.0940	   -0.0078
    3.1745	    0.0931	   -0.0116
    3.1780	    0.0934	   -0.0083
    3.1815	    0.0933	   -0.0091
    3.1850	    0.0929	   -0.0089
    3.1885	    0.0928	   -0.0089
    3.1920	    0.0924	   -0.0101
    3.1955	    0.0926	   -0.0085
    3.1990	    0.0919	   -0.0108
    3.2025	    0.0922	   -0.0095
    3.2060	    0.0921	   -0.0094
    3.2095	    0.0917	   -0.0108
    3.2130	    0.0916	   -0.0085
    3.2165	    0.0913	   -0.0104
    3.2200	    0.0910	   -0.0083
    3.2235	    0.0911	   -0.0102
    3.2270	    0.0909	   -0.0094
    3.2305	    0.0905	   -0.0093
    3.2340	    0.0904	   -0.0097
    3.2375	    0.0903	   -0.0093
    3.2410	    0.0904	   -0.0092
    3.2445	    0.0900	   -0.0094
    3.2480	    0.0894	   -0.0112
    3.2515	    0.0897	   -0.0067
    3.2550	    0.0891	   -0.0122
    3.2585	    0.0895	   -0.0079
    3.2620	    0.0891	   -0.0098
    3.2655	    0.0889	   -0.0086
    3.2690	    0.0884	   -0.0095
    3.2725	    0.0885	   -0.0100
    3.2760	    0.0883	   -0.0101
    3.2795	    0.0882	   -0.0094
    3.2830	    0.0878	   -0.0092
    3.2865	    0.0878	   -0.0086
    3.2900	    0.0875	   -0.0111
    3.2935	    0.0876	   -0.0087
    3.2970	    0.0870	   -0.0104
    3.3005	    0.0869	   -0.0095
    3.3040	    0.0869	   -0.0091
    3.3075	    0.0866	   -0.0091
    3.3110	    0.0866	   -0.0085
    3.3145	    0.0863	   -0.0111
    3.3180	    0.0860	   -0.0087
    3.3215	    0.0856	   -0.0094
    3.3250	    0.0855	   -0.0099
    3.3285	    0.0854	   -0.0086
    3.3320	    0.0852	   -0.0110
    3.3355	    0.0852	   -0.0081
    3.3390	    0.0850	   -0.0110
    3.3425	    0.0849	   -0.0087
    3.3460	    0.0846	   -0.0099
    3.3495	    0.0847	   -0.0084
    3.3530	    0.0842	   -0.0114
    3.3565	    0.0844	   -0.0084
    3.3600	    0.0838	   -0.0107
    3.3635	    0.0841	   -0.0086
    3.3670	    0.0837	   -0.0098
    3.3705	    0.0837	   -0.0090
    3.3740	    0.0836	   -0.0096
    3.3775	    0.0832	   -0.0094
    3.3810	    0.0827	   -0.0096
    3.3845	    0.0831	   -0.0086
    3.3880	    0.0828	   -0.0097
    3.3915	    0.0825	   -0.0098
    3.3950	    0.0824	   -0.0090
    3.3985	    0.0822	   -0.0101
    3.4020	    0.0822	   -0.0100
    3.4055	    0.0817	   -0.0088
    3.4090	    0.0817	   -0.0095
    3.4125	    0.0814	   -0.0097
    3.4160	    0.0811	   -0.0091
    3.4195	    0.0812	   -0.0093
    3.4230	    0.0809	   -0.0100
    3.4265	    0.0809	   -0.0098
    3.4300	    0.0806	   -0.0098
    3.4335	    0.0805	   -0.0092
    3.4370	    0.0803	   -0.0098
    3.4405	    0.0801	   -0.0103
    3.4440	    0.0803	   -0.0094
    3.4475	    0.0798	   -0.0089
    3.4510	    0.0794	   -0.0115
    3.4545	    0.0797	   -0.0080
    3.4580	    0.0794	   -0.0104
    3.4615	    0.0794	   -0.0083
    3.4650	    0.0789	   -0.0110
    3.4685	    0.0789	   -0.0088
    3.4720	    0.0786	   -0.0103
    3.4755	    0.0787	   -0.0081
    3.4790	    0.0785	   -0.0100
    3.4825	    0.0784	   -0.0097
    3.4860	    0.0779	   -0.0099
    3.4895	    0.0780	   -0.0100
    3.4930	    0.0779	   -0.0073
    3.4965	    0.0774	   -0.0115
    3.5000	    0.0775	   -0.0074
    3.5035	    0.0771	   -0.0111
    3.5070	    0.0776	   -0.0087
    3.5105	    0.0768	   -0.0109
    3.5140	    0.0770	   -0.0081
    3.5175	    0.0766	   -0.0101
    3.5210	    0.0766	   -0.0077
    3.5245	    0.0764	   -0.0100
    3.5280	    0.0763	   -0.0083
    3.5315	    0.0758	   -0.0106
    3.5350	    0.0760	   -0.0092
    3.5385	    0.0755	   -0.0099
    3.5420	    0.0755	   -0.0098
    3.5455	    0.0752	   -0.0090
    3.5490	    0.0752	   -0.0093
    3.5525	    0.0750	   -0.0098
    3.5560	    0.0749	   -0.0081
    3.5595	    0.0747	   -0.0108
    3.5630	    0.0746	   -0.0083
    3.5665	    0.0743	   -0.0108
    3.5700	    0.0744	   -0.0089
    3.5735	    0.0739	   -0.0110
    3.5770	    0.0743	   -0.0079
    3.5805	    0.0735	   -0.0105
    3.5840	    0.0738	   -0.0090
    3.5875	    0.0734	   -0.0097
    3.5910	    0.0736	   -0.0090
    3.5945	    0.0730	   -0.0093
    3.5980	    0.0729	   -0.0102
    3.6015	    0.0728	   -0.0092
    3.6050	    0.0727	   -0.0100
    3.6085	    0.0726	   -0.0085
    3.6120	    0.0722	   -0.0114
    3.6155	    0.0723	   -0.0078
    3.6190	    0.0719	   -0.0101
    3.6225	    0.0720	   -0.0083
    3.6260	    0.0715	   -0.0114
    3.6295	    0.0717	   -0.0072
    3.6330	    0.0711	   -0.0117
    3.6365	    0.0713	   -0.0084
    3.6400	    0.0710	   -0.0106
    3.6435	    0.0713	   -0.0086
    3.6470	    0.0707	   -0.0095
    3.6505	    0.0706	   -0.0094
    3.6540	    0.0707	   -0.0090
    3.6575	    0.0702	   -0.0101
    3.6610	    0.0701	   -0.0092
    3.6645	    0.0703	   -0.0096
    3.6680	    0.0699	   -0.0088
    3.6715	    0.0699	   -0.0101
    3.6750	    0.0700	   -0.0093
    3.6785	    0.0693	   -0.0112
    3.6820	    0.0696	   -0.0074
    3.6855	    0.0692	   -0.0114
    3.6890	    0.0695	   -0.0077
    3.6925	    0.0686	   -0.0111
    3.6960	    0.0690	   -0.0077
    3.6995	    0.0686	   -0.0107
    3.7030	    0.0688	   -0.0088
    3.7065	    0.0684	   -0.0092
    3.7100	    0.0680	   -0.0101
    3.7135	    0.0682	   -0.0093
    3.7170	    0.0681	   -0.0092
    3.7205	    0.0679	   -0.0093
    3.7240	    0.0676	   -0.0097
    3.7275	    0.0676	   -0.0095
    3.7310	    0.0674	   -0.0094
    3.7345	    0.0674	   -0.0104
    3.7380	    0.0672	   -0.0093
    3.7415	    0.0670	   -0.0092
    3.7450	    0.0668	   -0.0097
    3.7485	    0.0667	   -0.0088
    3.7520	    0.0669	   -0.0081
    3.7555	    0.0667	   -0.0087
    3.7590	    0.0662	   -0.0102
    3.7625	    0.0665	   -0.0085
    3.7660	    0.0663	   -0.0095
    3.7695	    0.0662	   -0.0092
    3.7730	    0.0660	   -0.0094
    3.7765	    0.0660	   -0.0089
    3.7800	    0.0656	   -0.0100
    3.7835	    0.0654	   -0.0091
    3.7870	    0.0655	   -0.0091
    3.7905	    0.0654	   -0.0090
    3.7940	    0.0653	   -0.0086
    3.7975	    0.0650	   -0.0096
    3.8010	    0.0648	   -0.0094
    3.8045	    0.0645	   -0.0087
    3.8080	    0.0650	   -0.0089
    3.8115	    0.0643	   -0.0093
    3.8150	    0.0643	   -0.0092
    3.8185	    0.0642	   -0.0100
    3.8220	    0.0642	   -0.0078
    3.8255	    0.0636	   -0.0111
    3.8290	    0.0639	   -0.0081
    3.8325	    0.0636	   -0.0099
    3.8360	    0.0634	   -0.0092
    3.8395	    0.0631	   -0.0099
    3.8430	    0.0632	   -0.0096
    3.8465	    0.0630	   -0.0082
    3.8500	    0.0629	   -0.0096
    3.8535	    0.0629	   -0.0088
    3.8570	    0.0629	   -0.0085
    3.8605	    0.0625	   -0.0104
    3.8640	    0.0626	   -0.0075
    3.8675	    0.0622	   -0.0108
    3.8710	    0.0625	   -0.0075
    3.8745	    0.0619	   -0.0102
    3.8780	    0.0620	   -0.0078
    3.8815	    0.0617	   -0.0107
    3.8850	    0.0616	   -0.0088
    3.8885	    0.0613	   -0.0101
    3.8920	    0.0616	   -0.0090
    3.8955	    0.0614	   -0.0086
    3.8990	    0.0613	   -0.0094
    3.9025	    0.0610	   -0.0095
    3.9060	    0.0611	   -0.0089
    3.9095	    0.0607	   -0.0093
    3.9130	    0.0609	   -0.0093
    3.9165	    0.0605	   -0.0093
    3.9200	    0.0605	   -0.0092
    3.9235	    0.0604	   -0.0095
    3.9270	    0.0598	   -0.0099
    3.9305	    0.0601	   -0.0088
    3.9340	    0.0597	   -0.0098
    3.9375	    0.0600	   -0.0091
    3.9410	    0.0596	   -0.0095
    3.9445	    0.0598	   -0.0087
    3.9480	    0.0592	   -0.0093
    3.9515	    0.0595	   -0.0090
    3.9550	    0.0593	   -0.0097
    3.9585	    0.0589	   -0.0109
    3.9620	    0.0592	   -0.0077
    3.9655	    0.0584	   -0.0114
    3.9690	    0.0588	   -0.0075
    3.9725	    0.0583	   -0.0106
    3.9760	    0.0586	   -0.0083
    3.9795	    0.0582	   -0.0092
    3.9830	    0.0584	   -0.0093
    3.9865	    0.0581	   -0.0082
    3.9900	    0.0580	   -0.0102
    3.9935	    0.0582	   -0.0076
    3.9970	    0.0575	   -0.0108
    4.0005	    0.0582	   -0.0079
    4.0040	    0.0573	   -0.0096
    4.0075	    0.0576	   -0.0084
    4.0110	    0.0573	   -0.0092
    4.0145	    0.0573	   -0.0094
    4.0180	    0.0571	   -0.0085
    4.0215	    0.0569	   -0.0094
    4.0250	    0.0569	   -0.0093
    4.0285	    0.0568	   -0.0090
    4.0320	    0.0568	   -0.0092
    4.0355	    0.0565	   -0.0091
    4.0390	    0.0565	   -0.0088
    4.0425	    0.0565	   -0.0089
    4.0460	    0.0562	   -0.0098
    4.0495	    0.0564	   -0.0078
    4.0530	    0.0558	   -0.0097
    4.0565	    0.0561	   -0.0083
    4.0600	    0.0559	   -0.0099
    4.0635	    0.0556	   -0.0089
    4.0670	    0.0558	   -0.0091
    4.0705	    0.0556	   -0.0089
    4.0740	    0.0555	   -0.0083
    4.0775	    0.0554	   -0.0097
    4.0810	    0.0556	   -0.0089
    4.0845	    0.0547	   -0.0097
    4.0880	    0.0550	   -0.0083
    4.0915	    0.0548	   -0.0095
    4.0950	    0.0549	   -0.0087
    4.0985	    0.0546	   -0.0090
    4.1020	    0.0544	   -0.0093
    4.1055	    0.0543	   -0.0081
    4.1090	    0.0541	   -0.0096
    4.1125	    0.0544	   -0.0083
    4.1160	    0.0539	   -0.0100
    4.1195	    0.0540	   -0.0081
    4.1230	    0.0535	   -0.0102
    4.1265	    0.0538	   -0.0080
    4.1300	    0.0535	   -0.0088
    4.1335	    0.0534	   -0.0084
    4.1370	    0.0532	   -0.0085
    4.1405	    0.0532	   -0.0087
    4.1440	    0.0529	   -0.0086
    4.1475	    0.0530	   -0.0093
    4.1510	    0.0529	   -0.0086
    4.1545	    0.0526	   -0.0099
    4.1580	    0.0527	   -0.0074
    4.1615	    0.0519	   -0.0117
    4.1650	    0.0525	   -0.0068
    4.1685	    0.0521	   -0.0104
    4.1720	    0.0526	   -0.0069
    4.1755	    0.0517	   -0.0104
    4.1790	    0.0520	   -0.0073
    4.1825	    0.0516	   -0.0098
    4.1860	    0.0517	   -0.0083
    4.1895	    0.0515	   -0.0092
    4.1930	    0.0514	   -0.0090
    4.1965	    0.0514	   -0.0093
    4.2000	    0.0514	   -0.0085
    4.2035	    0.0513	   -0.0089
    4.2070	    0.0509	   -0.0091
    4.2105	    0.0510	   -0.0083
    4.2140	    0.0509	   -0.0089
    4.2175	    0.0508	   -0.0092
    4.2210	    0.0510	   -0.0083
    4.2245	    0.0505	   -0.0086
    4.2280	    0.0504	   -0.0087
    4.2315	    0.0504	   -0.0091
    4.2350	    0.0502	   -0.0090
    4.2385	    0.0501	   -0.0088
    4.2420	    0.0500	   -0.0089
    4.2455	    0.0502	   -0.0084
    4.2490	    0.0498	   -0.0095
    4.2525	    0.0498	   -0.0082
    4.2560	    0.0494	   -0.0094
    4.2595	    0.0497	   -0.0085
    4.2630	    0.0494	   -0.0091
    4.2665	    0.0497	   -0.0084
    4.2700	    0.0492	   -0.0092
    4.2735	    0.0496	   -0.0081
    4.2770	    0.0491	   -0.0094
    4.2805	    0.0492	   -0.0079
    4.2840	    0.0489	   -0.0095
    4.2875	    0.0490	   -0.0078
    4.2910	    0.0486	   -0.0094
    4.2945	    0.0489	   -0.0082
    4.2980	    0.0483	   -0.0095
    4.3015	    0.0483	   -0.0081
    4.3050	    0.0483	   -0.0092
    4.3085	    0.0483	   -0.0073
    4.3120	    0.0480	   -0.0096
    4.3155	    0.0483	   -0.0075
    4.3190	    0.0477	   -0.0093
    4.3225	    0.0481	   -0.0086
    4.3260	    0.0478	   -0.0091
    4.3295	    0.0476	   -0.0085
    4.3330	    0.0474	   -0.0091
    4.3365	    0.0476	   -0.0078
    4.3400	    0.0473	   -0.0096
    4.3435	    0.0474	   -0.0084
    4.3470	    0.0470	   -0.0086
    4.3505	    0.0471	   -0.0083
    4.3540	    0.0469	   -0.0087
    4.3575	    0.0471	   -0.0079
    4.3610	    0.0468	   -0.0089
    4.3645	    0.0468	   -0.0089
    4.3680	    0.0466	   -0.0085
    4.3715	    0.0464	   -0.0087
    4.3750	    0.0466	   -0.0082
    4.3785	    0.0463	   -0.0089
    4.3820	    0.0464	   -0.0086
    4.3855	    0.0462	   -0.0084
    4.3890	    0.0460	   -0.0082
    4.3925	    0.0459	   -0.0092
    4.3960	    0.0458	   -0.0083
    4.3995	    0.0457	   -0.0092
    4.4030	    0.0458	   -0.0081
    4.4065	    0.0455	   -0.0093
    4.4100	    0.0455	   -0.0080
    4.4135	    0.0454	   -0.0091
    4.4170	    0.0453	   -0.0081
    4.4205	    0.0453	   -0.0086
    4.4240	    0.0452	   -0.0086
    4.4275	    0.0450	   -0.0081
    4.4310	    0.0452	   -0.0087
    4.4345	    0.0447	   -0.0088
    4.4380	    0.0448	   -0.0077
    4.4415	    0.0449	   -0.0086
    4.4450	    0.0447	   -0.0079
    4.4485	    0.0443	   -0.0092
    4.4520	    0.0445	   -0.0078
    4.4555	    0.0441	   -0.0090
    4.4590	    0.0444	   -0.0077
    4.4625	    0.0440	   -0.0089
    4.4660	    0.0441	   -0.0083
    4.4695	    0.0438	   -0.0084
    4.4730	    0.0440	   -0.0086
    4.4765	    0.0438	   -0.0083
    4.4800	    0.0437	   -0.0088
    4.4835	    0.0438	   -0.0081
    4.4870	    0.0433	   -0.0088
    4.4905	    0.0435	   -0.0080
    4.4940	    0.0434	   -0.0083
    4.4975	    0.0433	   -0.0083
    4.5010	    0.0434	   -0.0075
    4.5045	    0.0430	   -0.0093
    4.5080	    0.0432	   -0.0070
    4.5115	    0.0428	   -0.0096
    4.5150	    0.0431	   -0.0072
    4.5185	    0.0425	   -0.0091
    4.5220	    0.0428	   -0.0082
    4.5255	    0.0426	   -0.0094
    4.5290	    0.0426	   -0.0082
    4.5325	    0.0423	   -0.0085
    4.5360	    0.0426	   -0.0078
    4.5395	    0.0422	   -0.0080
    4.5430	    0.0419	   -0.0086
    4.5465	    0.0421	   -0.0076
    4.5500	    0.0419	   -0.0091
    4.5535	    0.0419	   -0.0072
    4.5570	    0.0417	   -0.0089
    4.5605	    0.0417	   -0.0076
    4.5640	    0.0414	   -0.0090
    4.5675	    0.0415	   -0.0079
    4.5710	    0.0413	   -0.0083
    4.5745	    0.0416	   -0.0075
    4.5780	    0.0412	   -0.0086
    4.5815	    0.0412	   -0.0077
    4.5850	    0.0412	   -0.0081
    4.5885	    0.0409	   -0.0087
    4.5920	    0.0411	   -0.0079
    4.5955	    0.0408	   -0.0087
    4.5990	    0.0408	   -0.0082
    4.6025	    0.0407	   -0.0082
    4.6060	    0.0409	   -0.0082
    4.6095	    0.0404	   -0.0085
    4.6130	    0.0404	   -0.0084
    4.6165	    0.0404	   -0.0083
    4.6200	    0.0402	   -0.0083
    4.6235	    0.0406	   -0.0075
    4.6270	    0.0400	   -0.0087
    4.6305	    0.0401	   -0.0076
    4.6340	    0.0400	   -0.0084
    4.6375	    0.0398	   -0.0082
    4.6410	    0.0401	   -0.0071
    4.6445	    0.0396	   -0.0091
    4.6480	    0.0399	   -0.0076
    4.6515	    0.0395	   -0.0091
    4.6550	    0.0396	   -0.0071
    4.6585	    0.0393	   -0.0089
    4.6620	    0.0396	   -0.0073
    4.6655	    0.0391	   -0.0091
    4.6690	    0.0396	   -0.0072
    4.6725	    0.0391	   -0.0083
    4.6760	    0.0391	   -0.0082
    4.6795	    0.0389	   -0.0073
    4.6830	    0.0389	   -0.0087
    4.6865	    0.0390	   -0.0073
    4.6900	    0.0387	   -0.0079
    4.6935	    0.0389	   -0.0074
    4.6970	    0.0385	   -0.0083
    4.7005	    0.0388	   -0.0075
    4.7040	    0.0382	   -0.0085
    4.7075	    0.0387	   -0.0070
    4.7110	    0.0380	   -0.0087
    4.7145	    0.0384	   -0.0077
    4.7180	    0.0378	   -0.0086
    4.7215	    0.0383	   -0.0065
    4.7250	    0.0378	   -0.0088
    4.7285	    0.0383	   -0.0069
    4.7320	    0.0376	   -0.0091
    4.7355	    0.0377	   -0.0068
    4.7390	    0.0374	   -0.0089
    4.7425	    0.0379	   -0.0067
    4.7460	    0.0373	   -0.0088
    4.7495	    0.0376	   -0.0078
    4.7530	    0.0374	   -0.0080
    4.7565	    0.0373	   -0.0084
    4.7600	    0.0373	   -0.0080
    4.7635	    0.0371	   -0.0084
    4.7670	    0.0370	   -0.0074
    4.7705	    0.0371	   -0.0078
    4.7740	    0.0370	   -0.0079
    4.7775	    0.0368	   -0.0074
    4.7810	    0.0370	   -0.0078
    4.7845	    0.0367	   -0.0079
    4.7880	    0.0367	   -0.0076
    4.7915	    0.0366	   -0.0079
    4.7950	    0.0366	   -0.0072
    4.7985	    0.0363	   -0.0080
    4.8020	    0.0364	   -0.0080
    4.8055	    0.0364	   -0.0076
    4.8090	    0.0362	   -0.0084
    4.8125	    0.0362	   -0.0077
    4.8160	    0.0359	   -0.0082
    4.8195	    0.0362	   -0.0067
    4.8230	    0.0360	   -0.0081
    4.8265	    0.0359	   -0.0076
    4.8300	    0.0357	   -0.0083
    4.8335	    0.0359	   -0.0071
    4.8370	    0.0353	   -0.0095
    4.8405	    0.0356	   -0.0060
    4.8440	    0.0352	   -0.0092
    4.8475	    0.0354	   -0.0066
    4.8510	    0.0349	   -0.0082
    4.8545	    0.0352	   -0.0073
    4.8580	    0.0348	   -0.0082
    4.8615	    0.0350	   -0.0079
    4.8650	    0.0351	   -0.0074
    4.8685	    0.0347	   -0.0082
    4.8720	    0.0348	   -0.0071
    4.8755	    0.0350	   -0.0077
    4.8790	    0.0350	   -0.0077
    4.8825	    0.0344	   -0.0078
    4.8860	    0.0347	   -0.0077
    4.8895	    0.0346	   -0.0074
    4.8930	    0.0343	   -0.0074
    4.8965	    0.0344	   -0.0075
    4.9000	    0.0340	   -0.0080
    4.9035	    0.0345	   -0.0072
    4.9070	    0.0338	   -0.0079
    4.9105	    0.0341	   -0.0070
    4.9140	    0.0338	   -0.0083
    4.9175	    0.0340	   -0.0077
    4.9210	    0.0337	   -0.0073
    4.9245	    0.0336	   -0.0064
    4.9280	    0.0338	   -0.0079
    4.9315	    0.0335	   -0.0075
    4.9350	    0.0335	   -0.0082
    4.9385	    0.0338	   -0.0066
    4.9420	    0.0329	   -0.0088
    4.9455	    0.0335	   -0.0067
    4.9490	    0.0330	   -0.0084
    4.9525	    0.0335	   -0.0062
    4.9560	    0.0329	   -0.0086
    4.9595	    0.0333	   -0.0066
    4.9630	    0.0328	   -0.0081
    4.9665	    0.0330	   -0.0071
    4.9700	    0.0328	   -0.0075
    4.9735	    0.0328	   -0.0073
    4.9770	    0.0328	   -0.0074
    4.9805	    0.0325	   -0.0075
    4.9840	    0.0327	   -0.0072
    4.9875	    0.0324	   -0.0074
    4.9910	    0.0328	   -0.0072
    4.9945	    0.0323	   -0.0077
    4.9980	    0.0322	   -0.0073
    5.0015	    0.0323	   -0.0072
    5.0050	    0.0323	   -0.0073
    5.0085	    0.0321	   -0.0079
    5.0120	    0.0323	   -0.0066
    5.0155	    0.0319	   -0.0080
    5.0190	    0.0321	   -0.0068
    5.0225	    0.0317	   -0.0078
    5.0260	    0.0319	   -0.0072
    5.0295	    0.0318	   -0.0072
    5.0330	    0.0314	   -0.0074
    5.0365	    0.0318	   -0.0064
    5.0400	    0.0314	   -0.0078
    5.0435	    0.0317	   -0.0070
    5.0470	    0.0311	   -0.0078
    5.0505	    0.0315	   -0.0066
    5.0540	    0.0311	   -0.0077
    5.0575	    0.0314	   -0.0070
    5.0610	    0.0310	   -0.0075
    5.0645	    0.0313	   -0.0071
    5.0680	    0.0309	   -0.0078
    5.0715	    0.0310	   -0.0068
    5.0750	    0.0309	   -0.0077
    5.0785	    0.0312	   -0.0065
    5.0820	    0.0309	   -0.0076
    5.0855	    0.0307	   -0.0070
    5.0890	    0.0309	   -0.0064
    5.0925	    0.0308	   -0.0076
    5.0960	    0.0307	   -0.0074
    5.0995	    0.0305	   -0.0074
    5.1030	    0.0301	   -0.0072
    5.1065	    0.0304	   -0.0066
    5.1100	    0.0302	   -0.0075
    5.1135	    0.0303	   -0.0067
    5.1170	    0.0303	   -0.0072
    5.1205	    0.0302	   -0.0073
    5.1240	    0.0301	   -0.0069
    5.1275	    0.0299	   -0.0065
    5.1310	    0.0299	   -0.0078
    5.1345	    0.0301	   -0.0068
    5.1380	    0.0296	   -0.0078
    5.1415	    0.0300	   -0.0060
    5.1450	    0.0294	   -0.0082
    5.1485	    0.0298	   -0.0065
    5.1520	    0.0294	   -0.0073
    5.1555	    0.0297	   -0.0067
    5.1590	    0.0295	   -0.0067
    5.1625	    0.0292	   -0.0072
    5.1660	    0.0295	   -0.0063
    5.1695	    0.0291	   -0.0077
    5.1730	    0.0293	   -0.0065
    5.1765	    0.0289	   -0.0079
    5.1800	    0.0291	   -0.0066
    5.1835	    0.0288	   -0.0076
    5.1870	    0.0292	   -0.0065
    5.1905	    0.0289	   -0.0073
    5.1940	    0.0288	   -0.0069
    5.1975	    0.0288	   -0.0070
    5.2010	    0.0288	   -0.0070
    5.2045	    0.0289	   -0.0071
    5.2080	    0.0288	   -0.0070
    5.2115	    0.0284	   -0.0072
    5.2150	    0.0285	   -0.0066
    5.2185	    0.0284	   -0.0072
    5.2220	    0.0285	   -0.0069
    5.2255	    0.0283	   -0.0074
    5.2290	    0.0284	   -0.0070
    5.2325	    0.0282	   -0.0067
    5.2360	    0.0283	   -0.0064
    5.2395	    0.0281	   -0.0070
    5.2430	    0.0283	   -0.0065
    5.2465	    0.0281	   -0.0075
    5.2500	    0.0281	   -0.0067
    5.2535	    0.0279	   -0.0068
    5.2570	    0.0280	   -0.0064
    5.2605	    0.0277	   -0.0080
    5.2640	    0.0276	   -0.0067
    5.2675	    0.0274	   -0.0077
    5.2710	    0.0276	   -0.0065
    5.2745	    0.0274	   -0.0075
    5.2780	    0.0277	   -0.0062
    5.2815	    0.0272	   -0.0074
    5.2850	    0.0275	   -0.0064
    5.2885	    0.0273	   -0.0073
    5.2920	    0.0273	   -0.0063
    5.2955	    0.0269	   -0.0074
    5.2990	    0.0272	   -0.0060
    5.3025	    0.0271	   -0.0073
    5.3060	    0.0271	   -0.0066
    5.3095	    0.0268	   -0.0069
    5.3130	    0.0271	   -0.0069
    5.3165	    0.0268	   -0.0071
    5.3200	    0.0268	   -0.0065
    5.3235	    0.0272	   -0.0065
    5.3270	    0.0267	   -0.0067
    5.3305	    0.0265	   -0.0064
    5.3340	    0.0266	   -0.0070
    5.3375	    0.0263	   -0.0074
    5.3410	    0.0266	   -0.0060
    5.3445	    0.0265	   -0.0068
    5.3480	    0.0265	   -0.0062
    5.3515	    0.0267	   -0.0070
    5.3550	    0.0263	   -0.0067
    5.3585	    0.0261	   -0.0063
    5.3620	    0.0263	   -0.0068
    5.3655	    0.0263	   -0.0064
    5.3690	    0.0257	   -0.0072
    5.3725	    0.0262	   -0.0056
    5.3760	    0.0261	   -0.0073
    5.3795	    0.0262	   -0.0061
    5.3830	    0.0258	   -0.0069
    5.3865	    0.0262	   -0.0061
    5.3900	    0.0255	   -0.0072
    5.3935	    0.0260	   -0.0064
    5.3970	    0.0255	   -0.0070
    5.4005	    0.0258	   -0.0062
    5.4040	    0.0257	   -0.0068
    5.4075	    0.0253	   -0.0063
    5.4110	    0.0254	   -0.0072
    5.4145	    0.0256	   -0.0063
    5.4180	    0.0253	   -0.0069
    5.4215	    0.0253	   -0.0056
    5.4250	    0.0250	   -0.0072
    5.4285	    0.0253	   -0.0059
    5.4320	    0.0249	   -0.0069
    5.4355	    0.0252	   -0.0062
    5.4390	    0.0250	   -0.0072
    5.4425	    0.0249	   -0.0063
    5.4460	    0.0250	   -0.0063
    5.4495	    0.0250	   -0.0065
    5.4530	    0.0249	   -0.0062
    5.4565	    0.0247	   -0.0070
    5.4600	    0.0249	   -0.0058
    5.4635	    0.0244	   -0.0073
    5.4670	    0.0250	   -0.0049
    5.4705	    0.0243	   -0.0075
    5.4740	    0.0246	   -0.0064
    5.4775	    0.0243	   -0.0068
    5.4810	    0.0244	   -0.0061
    5.4845	    0.0241	   -0.0067
    5.4880	    0.0244	   -0.0059
    5.4915	    0.0243	   -0.0065
    5.4950	    0.0244	   -0.0064
    5.4985	    0.0241	   -0.0060
    5.5020	    0.0241	   -0.0066
    5.5055	    0.0240	   -0.0062
    5.5090	    0.0240	   -0.0067
    5.5125	    0.0241	   -0.0063
    5.5160	    0.0238	   -0.0065
    5.5195	    0.0238	   -0.0066
    5.5230	    0.0238	   -0.0064
    5.5265	    0.0238	   -0.0068
    5.5300	    0.0238	   -0.0062
    5.5335	    0.0236	   -0.0069
    5.5370	    0.0236	   -0.0061
    5.5405	    0.0234	   -0.0064
    5.5440	    0.0235	   -0.0062
    5.5475	    0.0237	   -0.0063
    5.5510	    0.0232	   -0.0067
    5.5545	    0.0235	   -0.0061
    5.5580	    0.0233	   -0.0064
    5.5615	    0.0236	   -0.0064
    5.5650	    0.0231	   -0.0066
    5.5685	    0.0234	   -0.0061
    5.5720	    0.0233	   -0.0063
    5.5755	    0.0231	   -0.0061
    5.5790	    0.0229	   -0.0065
    5.5825	    0.0231	   -0.0062
    5.5860	    0.0231	   -0.0060
    5.5895	    0.0233	   -0.0065
    5.5930	    0.0227	   -0.0068
    5.5965	    0.0230	   -0.0056
    5.6000	    0.0227	   -0.0064
    5.6035	    0.0228	   -0.0061
    5.6070	    0.0226	   -0.0068
    5.6105	    0.0227	   -0.0055
    5.6140	    0.0226	   -0.0063
    5.6175	    0.0226	   -0.0061
    5.6210	    0.0227	   -0.0064
    5.6245	    0.0224	   -0.0063
    5.6280	    0.0223	   -0.0062
    5.6315	    0.0225	   -0.0060
    5.6350	    0.0223	   -0.0061
    5.6385	    0.0223	   -0.0062
    5.6420	    0.0223	   -0.0058
    5.6455	    0.0222	   -0.0065
    5.6490	    0.0222	   -0.0060
    5.6525	    0.0221	   -0.0061
    5.6560	    0.0220	   -0.0057
    5.6595	    0.0219	   -0.0063
    5.6630	    0.0218	   -0.0063
    5.6665	    0.0218	   -0.0066
    5.6700	    0.0219	   -0.0060
    5.6735	    0.0216	   -0.0064
    5.6770	    0.0219	   -0.0053
    5.6805	    0.0216	   -0.0062
    5.6840	    0.0217	   -0.0058
    5.6875	    0.0216	   -0.0061
    5.6910	    0.0215	   -0.0062
    5.6945	    0.0216	   -0.0064
    5.6980	    0.0215	   -0.0063
    5.7015	    0.0216	   -0.0057
    5.7050	    0.0213	   -0.0066
    5.7085	    0.0213	   -0.0057
    5.7120	    0.0212	   -0.0061
    5.7155	    0.0214	   -0.0059
    5.7190	    0.0211	   -0.0058
    5.7225	    0.0210	   -0.0064
    5.7260	    0.0211	   -0.0059
    5.7295	    0.0211	   -0.0060
    5.7330	    0.0210	   -0.0058
    5.7365	    0.0209	   -0.0059
    5.7400	    0.0213	   -0.0054
    5.7435	    0.0209	   -0.0064
    5.7470	    0.0209	   -0.0059
    5.7505	    0.0207	   -0.0062
    5.7540	    0.0207	   -0.0053
    5.7575	    0.0208	   -0.0058
    5.7610	    0.0206	   -0.0057
    5.7645	    0.0208	   -0.0057
    5.7680	    0.0204	   -0.0061
    5.7715	    0.0206	   -0.0052
    5.7750	    0.0205	   -0.0057
    5.7785	    0.0206	   -0.0058
    5.7820	    0.0203	   -0.0061
    5.7855	    0.0204	   -0.0059
    5.7890	    0.0205	   -0.0063
    5.7925	    0.0203	   -0.0056
    5.7960	    0.0200	   -0.0060
    5.7995	    0.0203	   -0.0056
    5.8030	    0.0202	   -0.0064
    5.8065	    0.0200	   -0.0053
    5.8100	    0.0201	   -0.0058
    5.8135	    0.0203	   -0.0052
    5.8170	    0.0198	   -0.0061
    5.8205	    0.0203	   -0.0051
    5.8240	    0.0199	   -0.0063
    5.8275	    0.0201	   -0.0053
    5.8310	    0.0198	   -0.0062
    5.8345	    0.0199	   -0.0050
    5.8380	    0.0199	   -0.0056
    5.8415	    0.0199	   -0.0055
    5.8450	    0.0197	   -0.0062
    5.8485	    0.0195	   -0.0060
    5.8520	    0.0197	   -0.0058
    5.8555	    0.0198	   -0.0053
    5.8590	    0.0195	   -0.0056
    5.8625	    0.0195	   -0.0062
    5.8660	    0.0194	   -0.0053
    5.8695	    0.0194	   -0.0055
    5.8730	    0.0196	   -0.0052
    5.8765	    0.0192	   -0.0060
    5.8800	    0.0195	   -0.0054
    5.8835	    0.0191	   -0.0064
    5.8870	    0.0194	   -0.0051
    5.8905	    0.0191	   -0.0058
    5.8940	    0.0192	   -0.0053
    5.8975	    0.0190	   -0.0062
    5.9010	    0.0192	   -0.0054
    5.9045	    0.0190	   -0.0057
    5.9080	    0.0191	   -0.0052
    5.9115	    0.0189	   -0.0060
    5.9150	    0.0187	   -0.0058
    5.9185	    0.0188	   -0.0055
    5.9220	    0.0188	   -0.0054
    5.9255	    0.0187	   -0.0054
    5.9290	    0.0189	   -0.0060
    5.9325	    0.0185	   -0.0054
    5.9360	    0.0186	   -0.0059
    5.9395	    0.0185	   -0.0056
    5.9430	    0.0187	   -0.0054
    5.9465	    0.0186	   -0.0053
    5.9500	    0.0185	   -0.0053
    5.9535	    0.0187	   -0.0054
    5.9570	    0.0186	   -0.0051
    5.9605	    0.0186	   -0.0056
    5.9640	    0.0182	   -0.0058
    5.9675	    0.0184	   -0.0052
    5.9710	    0.0184	   -0.0054
    5.9745	    0.0184	   -0.0054
    5.9780	    0.0181	   -0.0056
    5.9815	    0.0181	   -0.0054
    5.9850	    0.0183	   -0.0056
    5.9885	    0.0179	   -0.0054
    5.9920	    0.0182	   -0.0053
    5.9955	    0.0181	   -0.0054
    5.9990	    0.0180	   -0.0057
    6.0025	    0.0180	   -0.0054
    6.0060	    0.0180	   -0.0047
    6.0095	    0.0178	   -0.0059
    6.0130	    0.0181	   -0.0046
    6.0165	    0.0179	   -0.0058
    6.0200	    0.0179	   -0.0053
    6.0235	    0.0175	   -0.0057
    6.0270	    0.0178	   -0.0050
    6.0305	    0.0176	   -0.0059
    6.0340	    0.0178	   -0.0053
    6.0375	    0.0175	   -0.0057
    6.0410	    0.0176	   -0.0055
    6.0445	    0.0176	   -0.0050
    6.0480	    0.0174	   -0.0055
    6.0515	    0.0176	   -0.0048
    6.0550	    0.0173	   -0.0054
    6.0585	    0.0175	   -0.0056
    6.0620	    0.0170	   -0.0056
    6.0655	    0.0174	   -0.0049
    6.0690	    0.0172	   -0.0053
    6.0725	    0.0173	   -0.0056
    6.0760	    0.0173	   -0.0056
    6.0795	    0.0170	   -0.0056
    6.0830	    0.0172	   -0.0051
    6.0865	    0.0169	   -0.0054
    6.0900	    0.0171	   -0.0053
    6.0935	    0.0171	   -0.0048
    6.0970	    0.0170	   -0.0052
    6.1005	    0.0171	   -0.0048
    6.1040	    0.0167	   -0.0059
    6.1075	    0.0169	   -0.0048
    6.1110	    0.0167	   -0.0052
    6.1145	    0.0168	   -0.0054
    6.1180	    0.0169	   -0.0047
    6.1215	    0.0166	   -0.0059
    6.1250	    0.0168	   -0.0052
    6.1285	    0.0165	   -0.0055
    6.1320	    0.0167	   -0.0049
    6.1355	    0.0165	   -0.0053
    6.1390	    0.0166	   -0.0054
    6.1425	    0.0166	   -0.0049
    6.1460	    0.0164	   -0.0051
    6.1495	    0.0166	   -0.0052
    6.1530	    0.0164	   -0.0052
    6.1565	    0.0164	   -0.0051
    6.1600	    0.0162	   -0.0057
    6.1635	    0.0165	   -0.0053
    6.1670	    0.0164	   -0.0049
    6.1705	    0.0164	   -0.0050
    6.1740	    0.0164	   -0.0050
    6.1775	    0.0161	   -0.0053
    6.1810	    0.0162	   -0.0047
    6.1845	    0.0161	   -0.0048
    6.1880	    0.0165	   -0.0046
    6.1915	    0.0162	   -0.0056
    6.1950	    0.0161	   -0.0045
    6.1985	    0.0159	   -0.0055
    6.2020	    0.0160	   -0.0051
    6.2055	    0.0158	   -0.0057
    6.2090	    0.0158	   -0.0051
    6.2125	    0.0157	   -0.0053
    6.2160	    0.0161	   -0.0045
    6.2195	    0.0156	   -0.0056
    6.2230	    0.0158	   -0.0047
    6.2265	    0.0157	   -0.0054
    6.2300	    0.0158	   -0.0047
    6.2335	    0.0157	   -0.0053
    6.2370	    0.0157	   -0.0043
    6.2405	    0.0155	   -0.0051
    6.2440	    0.0156	   -0.0049
    6.2475	    0.0155	   -0.0054
    6.2510	    0.0154	   -0.0048
    6.2545	    0.0153	   -0.0053
    6.2580	    0.0155	   -0.0048
    6.2615	    0.0154	   -0.0054
    6.2650	    0.0155	   -0.0049
    6.2685	    0.0153	   -0.0051
    6.2720	    0.0152	   -0.0048
    6.2755	    0.0151	   -0.0049
    6.2790	    0.0152	   -0.0050
    6.2825	    0.0153	   -0.0048
    6.2860	    0.0153	   -0.0049
    6.2895	    0.0152	   -0.0047
    6.2930	    0.0152	   -0.0048
    6.2965	    0.0150	   -0.0048
    6.3000	    0.0150	   -0.0054
    6.3035	    0.0150	   -0.0048
    6.3070	    0.0150	   -0.0051
    6.3105	    0.0149	   -0.0047
    6.3140	    0.0148	   -0.0050
    6.3175	    0.0149	   -0.0051
    6.3210	    0.0148	   -0.0048
    6.3245	    0.0148	   -0.0046
    6.3280	    0.0148	   -0.0055
    6.3315	    0.0149	   -0.0047
    6.3350	    0.0146	   -0.0051
    6.3385	    0.0147	   -0.0048
    6.3420	    0.0146	   -0.0051
    6.3455	    0.0148	   -0.0047
    6.3490	    0.0147	   -0.0045
    6.3525	    0.0147	   -0.0048
    6.3560	    0.0146	   -0.0044
    6.3595	    0.0146	   -0.0048
    6.3630	    0.0145	   -0.0044
    6.3665	    0.0146	   -0.0050
    6.3700	    0.0145	   -0.0047
    6.3735	    0.0141	   -0.0051
    6.3770	    0.0144	   -0.0049
    6.3805	    0.0141	   -0.0051
    6.3840	    0.0144	   -0.0048
    6.3875	    0.0142	   -0.0047
    6.3910	    0.0144	   -0.0046
    6.3945	    0.0142	   -0.0046
    6.3980	    0.0142	   -0.0046
    6.4015	    0.0142	   -0.0050
    6.4050	    0.0141	   -0.0047
    6.4085	    0.0141	   -0.0048
    6.4120	    0.0140	   -0.0049
    6.4155	    0.0141	   -0.0046
    6.4190	    0.0139	   -0.0045
    6.4225	    0.0140	   -0.0044
    6.4260	    0.0139	   -0.0050
    6.4295	    0.0140	   -0.0039
    6.4330	    0.0139	   -0.0051
    6.4365	    0.0141	   -0.0047
    6.4400	    0.0134	   -0.0048
    6.4435	    0.0139	   -0.0041
    6.4470	    0.0139	   -0.0049
    6.4505	    0.0138	   -0.0048
    6.4540	    0.0136	   -0.0045
    6.4575	    0.0138	   -0.0044
    6.4610	    0.0137	   -0.0045
    6.4645	    0.0136	   -0.0050
    6.4680	    0.0135	   -0.0045
    6.4715	    0.0134	   -0.0049
    6.4750	    0.0136	   -0.0044
    6.4785	    0.0132	   -0.0047
    6.4820	    0.0136	   -0.0047
    6.4855	    0.0135	   -0.0044
    6.4890	    0.0135	   -0.0047
    6.4925	    0.0133	   -0.0046
    6.4960	    0.0134	   -0.0045
    6.4995	    0.0133	   -0.0046
    6.5030	    0.0134	   -0.0046
    6.5065	    0.0133	   -0.0046
    6.5100	    0.0133	   -0.0046
    6.5135	    0.0130	   -0.0053
    6.5170	    0.0131	   -0.0043
    6.5205	    0.0131	   -0.0045
    6.5240	    0.0132	   -0.0045
    6.5275	    0.0130	   -0.0046
    6.5310	    0.0131	   -0.0046
    6.5345	    0.0130	   -0.0047
    6.5380	    0.0132	   -0.0045
    6.5415	    0.0130	   -0.0043
    6.5450	    0.0131	   -0.0043
    6.5485	    0.0132	   -0.0043
    6.5520	    0.0128	   -0.0049
    6.5555	    0.0128	   -0.0045
    6.5590	    0.0129	   -0.0044
    6.5625	    0.0128	   -0.0040
    6.5660	    0.0130	   -0.0048
    6.5695	    0.0130	   -0.0042
    6.5730	    0.0126	   -0.0047
    6.5765	    0.0128	   -0.0044
    6.5800	    0.0127	   -0.0041
    6.5835	    0.0126	   -0.0049
    6.5870	    0.0129	   -0.0039
    6.5905	    0.0123	   -0.0047
    6.5940	    0.0129	   -0.0041
    6.5975	    0.0123	   -0.0048
    6.6010	    0.0126	   -0.0040
    6.6045	    0.0124	   -0.0044
    6.6080	    0.0124	   -0.0042
    6.6115	    0.0126	   -0.0044
    6.6150	    0.0124	   -0.0044
    6.6185	    0.0125	   -0.0041
    6.6220	    0.0124	   -0.0047
    6.6255	    0.0124	   -0.0037
    6.6290	    0.0119	   -0.0049
    6.6325	    0.0123	   -0.0039
    6.6360	    0.0122	   -0.0047
    6.6395	    0.0124	   -0.0042
    6.6430	    0.0121	   -0.0046
    6.6465	    0.0121	   -0.0046
    6.6500	    0.0123	   -0.0043
    6.6535	    0.0121	   -0.0046
    6.6570	    0.0121	   -0.0039
    6.6605	    0.0120	   -0.0044
    6.6640	    0.0122	   -0.0038
    6.6675	    0.0118	   -0.0046
    6.6710	    0.0121	   -0.0041
    6.6745	    0.0119	   -0.0041
    6.6780	    0.0121	   -0.0040
    6.6815	    0.0117	   -0.0044
    6.6850	    0.0119	   -0.0044
    6.6885	    0.0118	   -0.0040
    6.6920	    0.0117	   -0.0042
    6.6955	    0.0120	   -0.0036
    6.6990	    0.0117	   -0.0046
    6.7025	    0.0118	   -0.0043
    6.7060	    0.0116	   -0.0041
    6.7095	    0.0117	   -0.0038
    6.7130	    0.0115	   -0.0044
    6.7165	    0.0117	   -0.0040
    6.7200	    0.0115	   -0.0045
    6.7235	    0.0115	   -0.0043
    6.7270	    0.0115	   -0.0039
    6.7305	    0.0115	   -0.0039
    6.7340	    0.0116	   -0.0042
    6.7375	    0.0114	   -0.0044
    6.7410	    0.0114	   -0.0039
    6.7445	    0.0113	   -0.0046
    6.7480	    0.0115	   -0.0038
    6.7515	    0.0113	   -0.0044
    6.7550	    0.0117	   -0.0036
    6.7585	    0.0112	   -0.0041
    6.7620	    0.0115	   -0.0039
    6.7655	    0.0112	   -0.0046
    6.7690	    0.0112	   -0.0040
    6.7725	    0.0111	   -0.0040
    6.7760	    0.0113	   -0.0037
    6.7795	    0.0111	   -0.0043
    6.7830	    0.0111	   -0.0038
    6.7865	    0.0112	   -0.0043
    6.7900	    0.0110	   -0.0042
    6.7935	    0.0112	   -0.0038
    6.7970	    0.0109	   -0.0040
    6.8005	    0.0111	   -0.0042
    6.8040	    0.0110	   -0.0042
    6.8075	    0.0110	   -0.0037
    6.8110	    0.0111	   -0.0038
    6.8145	    0.0110	   -0.0040
    6.8180	    0.0110	   -0.0042
    6.8215	    0.0112	   -0.0037
    6.8250	    0.0109	   -0.0039
    6.8285	    0.0110	   -0.0035
    6.8320	    0.0106	   -0.0045
    6.8355	    0.0110	   -0.0034
    6.8390	    0.0106	   -0.0044
    6.8425	    0.0109	   -0.0036
    6.8460	    0.0108	   -0.0046
    6.8495	    0.0106	   -0.0038
    6.8530	    0.0108	   -0.0038
    6.8565	    0.0109	   -0.0037
    6.8600	    0.0108	   -0.0038
    6.8635	    0.0107	   -0.0040
    6.8670	    0.0106	   -0.0043
    6.8705	    0.0106	   -0.0038
    6.8740	    0.0104	   -0.0039
    6.8775	    0.0106	   -0.0038
    6.8810	    0.0103	   -0.0042
    6.8845	    0.0105	   -0.0037
    6.8880	    0.0104	   -0.0043
    6.8915	    0.0103	   -0.0038
    6.8950	    0.0104	   -0.0037
    6.8985	    0.0105	   -0.0038
    6.9020	    0.0106	   -0.0038
    6.9055	    0.0104	   -0.0041
    6.9090	    0.0104	   -0.0035
    6.9125	    0.0105	   -0.0040
    6.9160	    0.0105	   -0.0037
    6.9195	    0.0104	   -0.0036
    6.9230	    0.0103	   -0.0041
    6.9265	    0.0103	   -0.0037
    6.9300	    0.0105	   -0.0037
    6.9335	    0.0101	   -0.0040
    6.9370	    0.0104	   -0.0038
    6.9405	    0.0102	   -0.0038
    6.9440	    0.0102	   -0.0034
    6.9475	    0.0100	   -0.0039
    6.9510	    0.0102	   -0.0040
    6.9545	    0.0099	   -0.0040
    6.9580	    0.0100	   -0.0036
    6.9615	    0.0099	   -0.0039
    6.9650	    0.0101	   -0.0037
    6.9685	    0.0100	   -0.0044
    6.9720	    0.0100	   -0.0036
    6.9755	    0.0100	   -0.0036
    6.9790	    0.0099	   -0.0038
    6.9825	    0.0102	   -0.0033
    6.9860	    0.0098	   -0.0041
    6.9895	    0.0100	   -0.0036
    6.9930	    0.0098	   -0.0037
    6.9965	    0.0098	   -0.0037
